# energy [MeV] vs. diff. cs per electron [Mbarn / MeV]
2.05925e-06  0
2.18127e-06  0
2.31052e-06  0
2.44743e-06  0
2.59245e-06  0
2.74606e-06  0
2.90877e-06  0
3.08113e-06  0
3.2637e-06  0
3.45708e-06  0
3.66193e-06  0
3.87891e-06  0
4.10875e-06  0
4.35221e-06  0
4.61009e-06  0
4.88326e-06  0
5.17261e-06  0
5.47911e-06  0
5.80377e-06  0
6.14766e-06  0
6.51193e-06  0
6.89779e-06  0
7.30651e-06  0
7.73945e-06  0
8.19804e-06  0
8.6838e-06  0
9.19835e-06  0
9.74338e-06  0
1.03207e-05  0
1.09323e-05  0
1.158e-05  0
1.22662e-05  0
1.2993e-05  0
1.37629e-05  84.2487
1.45784e-05  266.383
1.54422e-05  699.024
1.63572e-05  2928.04
1.73265e-05  3102.28
1.83531e-05  3271.24
1.94406e-05  3278.96
2.05925e-05  3130.79
2.18127e-05  2940.92
2.31052e-05  2720.62
2.44743e-05  2497.64
2.59245e-05  2258.07
2.74606e-05  2008.58
2.90877e-05  1745.91
3.08113e-05  1479.52
3.2637e-05  1214.8
3.45708e-05  984.947
3.66193e-05  769.899
3.87891e-05  540.489
4.10875e-05  378.572
4.35221e-05  291.871
4.61009e-05  242.692
4.88326e-05  209.454
5.17261e-05  181.314
5.47911e-05  158.502
5.80377e-05  139.686
6.14766e-05  124.24
6.51193e-05  111.032
6.89779e-05  98.6904
7.30651e-05  87.73
7.73945e-05  77.7625
8.19804e-05  68.7688
8.6838e-05  60.5921
9.19835e-05  53.4583
9.74338e-05  47.1255
0.000103207  41.0326
0.000109323  35.6288
0.0001158  30.9858
0.000122662  26.7674
0.00012993  22.9937
0.000137629  19.792
0.000145784  17.1355
0.000154422  14.863
0.000163572  12.9033
0.000173265  11.2072
0.000183531  9.67783
0.000194406  8.27076
0.000205925  7.02021
0.000218127  5.97952
0.000231052  5.11761
0.000244743  8.73222
0.000259245  19.1858
0.000274606  15.8038
0.000290877  14.2033
0.000308113  12.4238
0.00032637  11.0129
0.000345708  9.56469
0.000366193  7.96339
0.000387891  6.6786
0.000410875  5.60176
0.000435221  4.71611
0.000461009  4.00431
0.000488326  3.4046
0.000517261  2.89721
0.000547911  2.93391
0.000580377  2.68633
0.000614766  2.25538
0.000651193  1.89084
0.000689779  1.58723
0.000730651  1.33717
0.000773945  1.12379
0.000819804  0.942669
0.00086838  0.792455
0.000919835  0.668656
0.000974338  0.564432
0.00103207  0.477267
0.00109323  0.404237
0.001158  0.343145
0.00122662  0.292015
0.0012993  0.248966
0.00137629  0.212728
0.00145784  0.182239
0.00154422  0.156614
0.00163572  0.134965
0.00173265  0.116566
0.00183531  0.100855
0.00194406  0.0874409
0.00205925  0.0759673
0.00218127  0.0661071
0.00231052  0.0576223
0.00244743  0.0503088
0.00259245  0.043991
0.00274606  0.0385218
0.00290877  0.0337786
0.00308113  0.0296576
0.0032637  0.0405578
0.00345708  0.0378413
0.00366193  0.0324132
0.00387891  0.0278037
0.00410875  0.0238879
0.00435221  0.0205594
0.00461009  0.0177268
0.00488326  0.015312
0.00517261  0.013252
0.00547911  0.0114913
0.00580377  0.00998348
0.00614766  0.00868895
0.00651193  0.00757609
0.00689779  0.00661695
0.00730651  0.0057887
0.00773945  0.00507205
0.00819804  0.00445062
0.0086838  0.00391066
0.00919835  0.00344065
0.00974338  0.00303071
0.0103207  0.00267258
0.0109323  0.00235913
0.01158  0.00208442
0.0122662  0.00184325
0.012993  0.00163124
0.0137629  0.00144466
0.0145784  0.00128023
0.0154422  0.00113518
0.0163572  0.0010071
0.0173265  0.000893897
0.0183531  0.000793756
0.0194406  0.000705106
0.0205925  0.000626576
0.0218127  0.000556969
0.0231052  0.000495237
0.0244743  0.00044046
0.0259245  0.000391831
0.0274606  0.000348644
0.0290877  0.000310272
0.0308113  0.000276192
0.032637  0.000245908
0.0345708  0.000218966
0.0366193  0.000194994
0.0387891  0.000173659
0.0410875  0.00015467
0.0435221  0.000137765
0.0461009  0.000122715
0.0488326  0.000109315
0.0517261  9.73817e-05
0.0547911  8.67548e-05
0.0580377  7.72902e-05
0.0614766  6.88603e-05
0.0651193  6.13514e-05
0.0689779  5.46625e-05
0.0730651  4.87039e-05
0.0773945  4.33956e-05
0.0819804  3.86664e-05
0.086838  3.4453e-05
0.0919835  3.0699e-05
0.0974338  2.73543e-05
0.103207  2.43742e-05
0.109323  2.17188e-05
0.1158  1.93528e-05
0.122662  1.72445e-05
0.12993  1.53659e-05
0.137629  1.3692e-05
0.145784  1.22003e-05
0.154422  1.08712e-05
0.163572  9.68678e-06
0.173265  8.63136e-06
0.183531  7.69088e-06
0.194406  6.85282e-06
